3075
2364
4610
524
3907
231
1713
1877
260
847
4813
6743
5539
1915
1904
6656
3967
529
5237
3019
2010
1438
1286
1342
1465
1590
5737
910
706
6597
6819
5850
2534
6461
3343
3949
2547
5728
5487
3141
276
5551
6318
1154
2893
2504
1073
1760
126
3085
808
5003
2671
4080
6128
1976
1744
246
3970
6497
2167
591
4071
1505
2984
4850
6472
2175
491
4225
2690
4255
5948
4743
3367
4220
6387
2077
2320
5497
1706
5594
4305
940
1227
3940
4995
2424
4388
1952
1472
2530
4075
684
155
1859
3048
3076
5734
1858
6138
4564
825
4488
349
1506
1598
2816
2199
2492
3224
5715
1864
3772
2730
4207
6858
1250
11
4925
2128
2119
1129
3458
1030
5447
1134
5792
3386
728
6350
6733
1844
5927
1861
3173
4333
2314
6824
150
2512
3923
6317
1171
2404
5425
1019
708
6539
5256
4671
4835
3636
2748
2015
5626
1304
5937
5049
3754
3051
5951
6302
2338
3243
109
1012
6160
5219
235
3481
3982
4467
6919
6787
1413
4208
1449
430
5044
6231
3010
1401
6773
3336
5932
5953
3096
3169
1131
5842
5094
5868
1141
3127
3814
6125
5415
5403
1734
6515
1910
185
4007
6525
6645
4635
4927
6577
2974
1837
2503
1374
5748
1965
4128
6021
4400
4172
108
3575
2
1847
2679
5570
6133
1363
4081
6863
1068
4614
2038
3339
632
640
5739
6855
5170
2396
4242
6201
6342
1237
6653
5059
3286
5416
4441
3801
2716
4408
5424
2121
1371
5689
4923
5396
5294
2098
518
4574
5000
6167
3018
4632
2985
4849
2140
3492
6316
4422
3973
3032
1564
5113
6076
6180
6820
35
3158
1881
421
6114
5855
5872
5164
3988
1720
1177
401
6007
322
831
5518
2498
225
2368
4377
2731
701
4433
3449
4163
4048
1611
4122
6182
4146
4684
1042
3139
3077
2614
2726
3654
60
6471
565
6005
5096
3572
6611
4948
6331
2664
766
2789
6110
3413
103
3294
3683
6742
5856
3551
2807
3567
3765
2674
519
2785
6323
3049
6499
4547
723
5890
3112
6569
6192
6295
3557
2271
3735
1232
5444
1568
3184
3708
2651
6760
5819
5846
6764
6366
3190
4203
4086
4859
2277
2660
3225
6567
2707
6978
6546
2442
3724
1775
5112
4393
165
6483
2611
3435
5016
3508
1558
1811
2145
4153
6202
4374
1271
3514
3163
1939
3670
874
760
6578
2433
6691
6887
4812
3635
1112
1018
6940
6972
4514
2263
4282
2768
4517
5719
6718
1418
3306
3883
791
4401
953
1729
6765
1790
5636
5455
3792
5099
1581
6358
3495
6906
2715
806
66
3739
3826
2709
3690
2555
6046
5252
4411
4938
4757
6992
6353
5222
6572
3359
4708
2413
6966
6355
3626
5214
2531
1033
2880
5516
815
1249
751
4898
5372
1899
2836
4540
2135
3536
1212
4335
6741
2588
2156
512
6702
1782
2198
5970
3161
5921
3945
6193
4205
25
1677
4864
6025
5805
3486
95
2012
3507
3276
6778
3710
495
4581
5804
3841
5955
2999
6687
1110
6039
4124
1100
5498
4621
2947
405
3337
6602
346
402
5474
4261
5686
5813
2093
1991
1123
14
1615
6067
3914
282
6325
4226
400
1101
6303
1653
3238
3198
3137
5465
6917
2948
1115
3910
4346
753
414
3132
5637
2963
6101
3825
4751
2310
3842
5758
4735
4057
6468
3363
3612
853
2527
3802
5493
5620
6388
318
5068
3908
637
3265
3619
3741
1906
5093
4862
3135
4951
903
4788
5742
2399
2573
4285
110
5259
6661
3004
6747
6280
6659
3208
5537
6785
6336
4633
3620
4198
5931
3798
6208
6766
2476
261
6040
920
2857
3835
2392
1218
611
2605
5181
3664
5257
6907
3525
30
6920
2367
6625
6190
3440
1054
4975
5553
4423
1905
5368
68
812
4416
2158
4430
5753
1147
4520
1761
3120
4852
1216
2752
2761
1079
3355
3284
5733
2895
4032
1198
6881
3317
4417
5342
3909
5199
50
1053
3095
5120
1375
4165
3204
510
2740
6230
5990
6185
2146
2210
3738
3125
4572
5743
735
4886
6654
4947
3448
5422
1384
4914
602
2374
1135
1252
2911
1025
3211
5706
4406
6322
5429
3168
5254
2681
1680
1797
419
5124
5893
6290
5652
912
3192
3136
6757
5803
5638
2860
5556
1292
6511
193
2333
94
2906
5119
234
850
704
5836
3715
5691
3884
4250
6012
6799
5489
5264
3864
4010
2567
350
2450
2917
2905
6988
2908
628
3886
4946
4195
436
1032
6420
5670
5315
3815
3090
6730
1057
588
1551
4608
2229
2631
5355
714
4834
6871
3392
1538
1982
6516
1334
4292
5081
946
3470
6771
4897
2345
5108
3873
5918
2980
1776
4109
4362
3438
4231
448
382
4613
1577
2676
955
251
459
6409
4741
5982
2989
5477
1817
4962
6467
5796
558
1818
1190
985
2732
4183
2728
2591
1346
4900
2459
5293
610
1958
4462
6651
1794
2105
5082
1478
5811
5250
4531
1612
1045
5876
6481
1103
4736
5586
1784
4063
1319
734
2234
1281
3744
6237
6001
2799
3836
4959
4050
1440
5644
4006
4832
3140
3559
2468
5218
2920
3152
2698
5667
1591
4338
5727
1446
2859
3074
4461
6894
2803
4662
6074
2510
983
2638
37
2838
2245
390
6923
820
76
4418
1340
1635
3609
2318
1550
902
325
692
2290
3848
546
4116
907
1343
258
415
5297
1502
3761
2161
2071
6537
5147
2365
1676
2393
5139
967
4818
2443
6528
947
4016
5723
176
6535
3270
6361
1555
3893
5924
342
3587
3496
711
4954
1393
2904
1578
3002
259
3939
3816
6794
178
3167
1430
3992
731
6607
6026
4672
2717
347
222
2020
1897
5975
600
2635
166
2952
648
6690
5157
2414
6024
2941
1524
1333
3879
5661
5828
2515
6332
4825
4661
2897
6147
4161
6688
3799
4457
6214
5364
2685
1066
5038
1009
5479
2978
5988
3210
4687
6719
4164
6042
6490
5144
79
3322
3111
6512
2369
1972
6827
4212
3442
4539
1948
4884
6257
4087
4435
758
1765
6099
3061
6964
4078
4642
6710
2122
2511
5483
4968
6968
4624
6221
1689
4151
210
61
1071
6589
631
1251
3170
6151
3714
221
2780
5227
1695
5986
6951
4379
378
2215
4412
1161
3227
6415
5499
2034
6889
6427
4141
4017
2268
4590
2587
5419
6374
2473
5865
6207
2915
6132
3291
5395
3092
4770
3101
5033
6475
5935
3840
4239
3479
4645
1024
4638
5567
6014
5335
1203
2244
6631
4025
6254
4456
3554
120
180
1163
3731
1792
2440
4874
4571
3214
864
1157
2662
1447
1540
1423
838
2097
4525
837
4344
6219
3994
5186
984
1422
3780
3989
4754
2083
881
393
6213
1400
1895
3644
1337
2795
2206
4617
5184
2050
6062
384
3931
4883
5011
2630
1772
4347
4373
6363
312
3856
1451
2469
2063
5010
6173
5301
1875
3859
6044
3331
2854
1093
4312
526
6203
5526
6038
3643
4106
2400
1709
2018
3029
5996
5515
5347
303
1527
2610
2107
2554
6984
3222
5788
3007
6174
6974
1738
2259
6309
5053
6707
6430
6223
5656
6689
3083
1601
1669
351
2792
1513
4508
699
3188
6130
135
563
6943
5562
4705
6305
190
3484
2778
6030
2537
6676
6729
96
6384
1870
595
4545
2925
4322
6851
6045
2419
4363
2802
6051
5149
4753
321
4654
2066
4301
3042
678
3182
3888
1427
710
3556
3271
804
5235
1275
3418
2154
4436
2261
4856
3663
183
6400
1193
1528
4965
6862
4794
3296
4450
5870
3820
6417
5234
2622
3512
4742
2650
1882
5018
5716
6700
2602
5967
1587
3537
5207
553
1011
5851
4235
2800
3867
6083
5200
4311
5780
6823
4689
6756
2562
3165
4566
5845
2815
4703
3646
5653
4854
4298
1034
439
4686
2699
5449
428
2972
6949
1320
827
4656
6155
5945
1556
4904
4378
4067
334
2299
2811
2921
2127
6958
6557
1869
264
1220
5801
3952
4133
845
6693
3957
5134
1994
201
4554
2464
386
775
1626
2903
828
5572
2376
3912
4719
2308
4709
2046
5341
504
813
1565
4718
634
6072
1014
3342
1397
184
5486
5603
4192
2870
162
6554
6478
536
3762
3255
2359
1211
1986
5331
4280
1450
3604
5834
6262
2412
6166
5888
2697
6094
2246
4838
3981
3014
4293
2743
2202
291
4041
727
5171
3983
1082
2686
4934
2113
6297
1557
2826
5161
1843
4283
5597
2927
2334
6144
3443
5695
6416
4511
226
357
4127
6934
1195
2722
1262
5348
348
1511
4215
531
3561
4442
4650
3086
118
6996
6241
3460
3279
4271
3672
4453
1456
2422
3678
3058
1196
6365
3277
1395
545
3844
4587
345
4798
5457
1236
4777
3154
451
4162
4796
1325
1928
781
5466
6677
3795
1537
908
2243
1145
1303
4999
5593
1444
4748
4524
1443
331
2666
589
6672
5017
795
4588
5274
3853
2222
1016
2078
1975
1095
5127
423
3540
5087
926
3248
5785
1937
3009
6727
5306
584
1588
1096
3834
5433
6903
3429
4356
6344
6501
6371
2632
1353
1607
535
4750
3024
839
890
6596
4533
2003
1416
4328
777
1514
4265
5065
2696
4829
5228
1589
5871
5260
5302
4341
3399
3228
57
152
4673
1692
5189
3071
2998
5973
2000
3773
2643
1749
596
1887
5116
4907
6792
3397
5674
6644
4846
198
3921
2966
2185
1431
3849
2909
5247
500
6419
3020
3573
6487
659
856
6935
1274
6380
4643
2700
1703
5129
4882
2227
5590
6171
1008
4257
1750
6267
5885
2646
3428
2835
5517
4967
2863
6479
3380
1248
6187
3770
963
3676
6041
2962
3338
1283
5864
4649
6407
1529
2612
2624
616
5584
2281
1924
4498
2882
2255
2735
3955
5531
1183
4586
1966
263
5782
5824
5600
6822
6320
387
376
5476
2045
4973
4329
139
2621
620
2201
1378
3671
6673
5045
1176
1225
4321
4194
4582
3866
5886
649
3971
2626
2883
5172
5168
3784
6848
5394
3408
3489
119
6292
1313
5309
2169
4833
5630
6268
2361
3905
5760
5360
5104
2054
6116
3485
6732
4359
2808
4302
6195
1787
5740
3177
12
2823
2645
6722
326
1855
1315
1381
2439
4830
2955
2082
1746
819
5564
3996
5769
6096
6065
4304
4491
6780
5375
5283
3186
6274
2362
2475
3516
5055
5296
6446
6728
1219
5095
1064
6087
159
872
2824
4182
2701
3044
242
5367
6754
1497
3953
5102
1048
1028
5136
6271
2758
5249
1957
69
5681
1329
1238
3818
4565
1455
6345
3707
4427
5288
5907
6141
3699
3008
2250
1560
3935
2141
1228
5063
275
2871
4392
4843
6680
1730
1643
4867
2578
617
4984
5353
4452
6233
3315
4481
1409
4584
817
4556
1104
5906
522
5411
4976
2977
1651
5950
3412
897
2132
1641
4168
1967
5575
767
3711
555
320
6078
675
5601
6284
6450
2112
1974
4604
314
3431
4028
6496
2006
127
5378
5454
4061
2294
2861
1311
5356
29
1592
3748
3521
5542
498
1690
174
5077
56
1338
5261
6745
5300
3391
878
2827
3668
6857
3364
2138
6980
1429
3555
4758
6127
4240
4911
2950
5651
3520
273
1731
1769
541
1962
1285
6460
581
3964
4865
2395
2352
4982
153
6893
1182
644
4928
175
1840
6843
673
4627
818
3593
6404
2301
5541
2619
23
4889
1471
1272
5370
270
3576
6811
3292
2027
4815
918
293
5468
1820
607
6584
6346
2049
3293
5191
3969
1208
1331
1842
6036
5848
1984
1977
5503
6952
1385
2848
894
2477
6527
1860
6438
1295
4331
5381
1694
1992
960
412
3396
6357
6433
705
4228
5899
5560
5346
389
5217
6963
6829
269
3025
4323
5023
2615
3538
3847
3436
1099
5934
4178
5193
2841
204
2344
5012
5275
3803
1575
2474
2378
107
5269
5645
2373
3407
4665
2313
5135
2133
3863
3712
719
5757
2783
1697
1055
4955
3151
4496
129
4652
2248
3082
3806
4591
5330
3490
156
931
3928
867
3951
4440
6452
4871
3104
5732
2656
5858
4551
3398
2008
5676
6047
4459
4052
1645
1762
5152
6587
5987
6018
3925
915
1657
836
3011
3871
3705
605
6425
6022
304
3236
5179
4413
3891
2216
5783
585
3797
6396
964
2094
6112
3191
5800
2757
513
6679
1831
2028
5459
6287
1268
4509
3542
6194
2774
1911
3480
4931
3717
888
1764
5329
2894
2405
6910
1712
3179
2457
1632
493
3527
5101
2764
743
1301
4248
2351
5389
3506
5754
6392
2432
6932
1140
3406
6772
4092
5278
6608
4326
1990
3649
3862
6860
6243
1893
1654
5326
196
481
3645
1636
3580
4072
4062
2931
216
2541
4577
5869
5248
1569
4093
359
624
