4699
4082
336
5388
3755
4951
2078
407
2429
2560
282
358
5744
1644
1374
1881
5619
2281
6796
3832
2754
204
1772
4576
5019
630
3002
724
6933
3277
1817
2047
4876
1463
2332
4023
657
6281
2654
6847
6269
3607
5065
3925
4657
2165
3762
3398
6314
5162
2978
1065
1382
2400
1451
75
5385
2533
2845
3566
3537
3970
3960
3276
497
5739
6199
4986
1586
3540
6871
6539
2455
6075
3710
2081
2305
791
6458
2048
887
1912
611
3467
3112
729
2516
1029
4529
6267
2596
5956
1285
5232
5304
598
6852
786
4407
523
885
4222
3437
924
4229
3975
2724
260
2404
6738
968
446
423
5559
2244
2550
800
4115
3125
3190
3233
1954
2257
1896
5374
699
4382
2868
436
5371
6961
5547
1874
983
5059
5188
3290
1025
6077
3593
1101
49
3689
1634
6838
2720
1950
2253
2280
4384
2559
2925
4688
6085
2767
3224
4978
4104
3298
5901
5731
4381
4759
932
741
2834
1717
1002
2883
196
6942
3084
143
5320
2444
3500
4803
1520
1736
6054
6722
6448
805
1194
2019
2728
5005
1126
3180
6839
134
2562
2529
2203
4586
6908
548
1140
4157
6050
2507
5062
4080
5102
5939
215
1936
6975
5476
4503
2892
5830
4564
4526
6569
3239
2000
3994
2517
1661
3840
4173
2179
3890
6334
4658
1676
5256
5922
1336
6594
4666
6456
4257
5815
2230
1338
647
5742
2641
3722
4409
2859
4959
4985
4178
5779
4690
1007
4435
4183
2682
6827
2896
3199
2812
6497
3114
5379
3370
2581
154
4150
4949
4660
736
813
4302
2302
1032
1190
1431
6384
2557
591
908
3527
2613
6332
6218
686
2797
4074
1222
6834
4358
2541
4220
6183
3502
6737
6900
5797
5581
1341
2474
3754
1220
1098
5171
6408
1574
5539
297
826
2752
2183
2118
6680
6524
4533
4317
6427
4763
6180
5066
1178
1642
1956
6593
888
4960
4146
6729
3317
6363
6386
3965
4518
5644
6789
4753
424
2597
6756
5229
995
1246
210
536
3123
4993
3849
1048
6977
4745
6240
1459
2913
702
5638
896
5313
4144
6355
2786
5427
1396
3783
2661
5500
5177
4420
5082
345
2647
2379
2686
6872
4499
4998
6638
70
511
4722
3795
1704
6488
906
2627
4599
3603
6253
5749
5271
30
6988
3846
1043
249
4524
2774
6596
125
3617
3134
63
586
4335
6631
767
5243
4089
2540
4471
6273
3421
1843
6545
3334
4379
5423
710
6965
4907
6766
2955
6165
2007
3969
1985
5781
3520
396
4389
6275
6044
2359
4623
5311
3501
6368
1632
5017
490
2935
5604
5530
6047
3483
5201
1211
2153
5990
3828
3013
1470
2097
4019
6801
4953
5357
883
1291
4961
5977
4240
2322
224
951
957
5568
4327
6651
364
4042
6559
2415
1740
4119
6897
1165
6777
2065
5618
3660
3244
6066
5128
322
4972
3099
2894
5083
540
2604
2976
6876
5698
1839
6025
140
6810
3440
1670
5508
822
1196
342
3797
3058
5458
1229
2932
6133
4221
6065
5329
5938
1490
3455
3484
797
6388
6811
5839
5246
6153
6493
4114
2209
6592
5000
6976
5589
1584
6514
2862
3949
4771
3033
4022
4826
183
149
4528
4583
2929
80
4046
2514
6962
5364
6573
2575
2993
4868
5760
3996
4999
542
4934
3447
2807
4256
4344
974
41
6732
728
5884
882
5630
1115
6478
6043
4083
718
3153
1060
4245
3708
2121
2064
5506
3717
5113
1727
4964
4165
3887
3982
5615
1820
5776
3226
1733
5021
1242
3634
3279
275
4801
2358
4994
387
6002
2263
6549
821
1274
3197
433
6666
2167
6405
4188
5690
668
4843
6209
6901
6774
5812
1875
585
1006
367
2833
6399
3311
2333
2265
1834
5368
1458
4936
1223
3768
5857
6124
3813
1777
2769
2353
6145
5672
6295
5377
416
3388
2895
1390
1423
4676
6579
5213
6565
5810
5868
5024
1138
3004
66
5081
5424
6862
4354
2836
4683
2685
1265
1009
1118
3676
4101
5196
2701
5071
5836
1177
6430
4282
631
1609
4770
4329
3498
4570
5395
3896
3070
6994
619
4419
4891
4020
5796
3383
3719
3326
170
5393
709
6012
2506
4440
6401
1857
1889
5634
3770
4494
5814
3481
2231
4087
1182
1188
6590
466
1723
6326
6228
5960
64
4566
943
3511
4841
4760
6892
439
2313
3289
5172
4466
4725
2461
6654
246
2644
1699
2719
1289
4164
6447
5834
2095
435
4723
4481
3307
618
3854
2965
5220
4735
5673
3268
6158
4761
3362
3964
3713
5891
6544
1271
1392
576
3839
2059
394
3489
3198
2969
1960
2261
4944
338
6400
69
1668
3997
4025
3644
361
6625
1233
2293
410
4811
5475
4824
4822
6082
1542
2090
6972
5689
803
5989
5828
733
3861
2349
6211
1797
3248
5844
1214
3359
4558
6822
2262
3693
3514
5417
4305
5603
3008
4769
1654
2189
6123
3707
1563
640
3918
1624
4325
1748
3953
4864
5270
6232
464
3353
4996
4488
4161
6480
5159
4935
2523
2119
2860
634
1715
6587
5679
4426
165
2470
4402
3950
2410
293
3098
2824
6779
5903
6673
6222
5856
5462
3788
5189
1297
37
191
2107
3748
6302
573
277
514
889
3706
3053
5513
5105
1049
3821
4592
5786
1042
3323
1698
2908
656
3428
209
437
3373
5350
6567
4716
2547
5191
3254
1738
4353
3922
4197
5115
2237
5900
1911
6537
990
3241
4196
108
2998
6932
508
6634
2347
6609
5402
3943
389
645
6088
3096
1210
6888
6552
2277
6221
1083
622
3826
2422
1195
1489
3640
2671
4508
1838
334
1957
1108
3546
3342
617
1970
3810
3103
6797
3548
3154
101
1518
5358
2982
6034
4400
2887
1695
2646
1856
4827
5164
1927
2640
4355
6817
2577
6287
5951
142
6877
6471
1251
414
3990
4800
94
6291
5058
1010
1339
564
6181
4981
6672
453
5908
665
6331
1845
1948
2503
1823
2402
3071
3397
6679
5933
5200
3086
2942
318
4681
5632
5323
1923
3375
4469
4291
2139
6931
6345
5483
4176
245
3295
5267
510
4109
5850
4788
3257
4905
6969
3793
1566
962
1873
2622
3232
2806
4406
2365
2196
5659
5478
4168
4072
532
283
5586
307
4447
5653
3902
1320
4906
239
4541
2556
3629
4472
5935
200
6410
6733
2070
2233
2414
3536
471
1361
860
5084
6712
4014
6134
5138
3774
1468
5769
3519
3407
869
745
6517
2602
6510
2708
319
6176
780
6303
2116
3789
6362
1455
5278
4643
1879
5036
294
3169
3939
878
2889
6373
6700
944
4204
5610
6816
2928
2456
5322
4901
3605
1619
4504
6166
3749
3035
2861
758
5261
2215
2770
3532
1278
1939
6538
6344
465
966
5719
1111
3319
496
4856
3462
6591
5160
6492
3451
5409
3156
4724
5952
3471
6185
1907
6923
3445
6468
2013
1440
4055
1343
5723
3624
3350
6800
6856
6790
3115
1088
870
112
6812
6983
1055
5134
4772
3236
6503
2421
1148
5077
357
5564
4033
1709
4422
1212
678
1122
2055
3606
792
2561
4552
1899
432
3386
1996
3782
6683
1469
1805
4473
6436
5294
6728
2505
6938
5438
1678
4314
2481
1452
5397
6958
3957
5136
985
4754
4849
3851
6398
5023
2080
4346
2567
4097
5665
3656
5514
6443
4850
3369
4546
44
1176
2606
1953
4903
3632
5906
2085
6697
2741
4231
5228
5092
1143
6716
592
2049
4357
3133
1869
6602
6237
1123
213
1036
3646
238
4378
6547
5348
1125
2659
1789
1992
6543
3513
2067
5426
5296
2198
3405
6037
3995
1200
6179
2590
1417
6730
2790
3234
6562
6605
1841
2888
6114
4578
4909
1354
4511
1028
4322
4284
1047
4668
1910
3416
3622
539
1484
2166
6155
5759
5800
2681
5293
3714
6091
3559
2750
5542
1244
2996
1497
5425
2688
4292
839
1883
4929
2026
5727
5292
1024
5182
6694
6271
2906
1058
2857
4559
4971
4853
5721
3808
295
1124
5174
4480
1370
428
762
4670
6505
3669
5793
538
1601
4233
1227
1884
329
6804
5536
207
199
6848
3699
3137
2290
915
2746
1687
2960
4457
6509
3572
6404
1955
1573
4199
3894
5214
6376
5360
4073
893
4260
2190
2819
4786
2337
874
3043
1073
601
6052
6669
5195
3078
5724
4375
5418
3124
3841
2021
2324
1162
315
3213
643
6008
4877
1885
1424
4079
544
4149
6358
5037
4391
4275
5712
4324
163
3453
1571
1514
3287
6250
1079
3435
5918
6186
2223
1304
3434
940
6560
3102
5473
6184
4867
3720
6770
4606
5400
2984
1658
1515
528
1386
6343
3251
2737
5975
1427
4155
526
2030
5291
5369
3231
3495
259
5225
4107
704
5281
4860
2216
4177
3913
6143
4749
1070
2292
177
638
5650
19
947
3684
1135
1754
131
2024
343
1758
5013
2270
2207
509
1426
4836
2776
4844
6083
1069
6099
3163
2376
796
4163
5496
848
6825
4431
1578
6266
2856
4672
4914
5353
600
2259
3509
5057
859
2739
2169
6225
4069
6226
5503
706
6359
6571
5714
1671
5509
1765
2041
1280
3941
881
6971
623
5924
3129
1014
3229
2716
547
3021
3172
2995
3526
5637
3413
1099
5268
1965
2397
440
4830
5825
6428
3711
1786
1876
3577
4889
197
5780
3952
1153
4452
270
4975
6767
2695
2811
1461
2133
6236
914
4862
5070
3741
4237
4969
5255
222
1652
4604
4216
3616
4603
5535
1157
3346
4261
5962
1655
5263
787
4976
4300
3059
5222
734
2225
4413
1039
150
1852
4234
2152
730
4463
96
4963
4478
1217
3470
3146
4591
3402
3056
3974
926
2723
6307
5087
3343
530
6711
2991
5403
3188
2630
5247
2386
5145
6289
868
5949
5497
3034
1865
5027
3171
1486
5125
2419
3721
1105
2794
4832
4536
6858
636
1204
6986
5869
1387
253
6092
519
1663
296
2863
0
1023
3757
1639
4739
2114
5307
2058
4794
2866
6924
5726
3028
4142
6835
4251
4600
5396
3756
6734
1725
930
4671
3865
3604
969
4495
3945
3690
371
5511
3189
2611
5254
5086
1535
6959
6844
6944
5067
427
1288
5575
5002
5953
5484
3411
5784
6149
4810
2865
4992
2234
6348
6761
5072
3487
4366
5346
6429
707
5661
2449
3027
1250
6256
3269
5175
3183
5343
5523
2886
3263
460
2170
6795
2988
476
2986
6046
1548
2536
4135
4018
6194
474
6476
1837
1422
1922
3935
1763
2136
3775
4634
2099
168
2279
4984
2018
2835
5732
2182
3626
3025
3746
6390
4489
1638
3725
6748
2985
5620
4049
5198
4793
2471
1409
4432
2181
1516
1270
5643
2345
2016
5694
3459
5197
4833
5265
1627
2509
691
2872
6120
5444
5241
6107
452
2022
5499
35
4842
5365
6215
6887
2438
2713
5994
6318
1901
2145
2718
5489
5003
3561
698
637
6020
2632
913
4445
3284
6898
566
5224
3715
2210
5012
493
6230
2450
5695
5937
6511
4359
1241
1131
4930
2512
1785
5289
3999
6820
1325
1815
6206
5655
4206
1061
3458
1299
1832
4727
6475
4017
3038
6073
816
5185
939
3528
6830
6268
4090
6202
2374
1988
6633
6024
4974
6949
2343
1613
3
1615
1334
2649
4084
679
133
2756
6010
6244
2251
5700
4041
3064
6113
6415
1633
231
1238
5794
2712
2747
4798
52
5997
237
388
2625
3149
4970
4977
4298
5004
339
6688
3938
6644
4174
4143
4045
3253
735
346
723
89
4846
6200
3091
4705
1062
3449
4448
1433
5572
4385
4799
1583
4193
6060
5184
1780
6955
1096
3505
290
3338
3991
4808
4424
3418
641
3820
2172
5763
3929
6361
6759
4444
4991
846
5512
5430
4398
3574
3771
798
2100
415
5490
1554
243
477
4661
4691
776
3875
899
2236
4954
6030
1984
5854
2418
925
5813
3758
478
1569
5356
5114
2544
3221
195
244
2045
5777
6217
2140
5847
6455
1090
760
820
5321
2502
6095
3580
764
2381
6607
3406
3891
3387
3014
5859
3705
3442
3750
5028
5135
2564
438
4915
5711
6446
6328
4697
6861
4797
6760
4928
5204
5764
1151
1577
5156
824
164
4058
1790
132
2511
652
6157
5754
5878
328
1019
4572
6776
790
3191
2162
4121
1979
3450
331
2735
6692
6873
3439
6597
4858
4189
5555
873
3372
4266
4980
4684
6192
3728
1744
5026
6913
310
5910
5995
38
6007
6499
252
4628
4031
4527
5300
6000
543
6941
2677
5312
3217
6367
6581
3030
2284
6718
1924
1556
927
146
2999
1533
2899
3822
500
1262
2412
2496
5030
1323
1357
2239
5950
660
2480
3093
4579
2740
763
1828
3222
3364
4151
3620
363
6301
5035
4895
4132
