4011
3816
491
1023
3650
238
1076
3064
2959
3152
4719
2960
262
4923
1580
6019
4432
736
4489
5091
9
2455
2543
4267
445
4821
4635
5566
1351
4576
6618
3593
4981
4847
6485
5371
4768
5157
5915
2928
4831
3353
751
4510
5603
3091
6879
2569
2298
3296
1239
3735
3973
3049
1350
2334
1787
6833
6974
6381
3037
1770
5801
48
1692
4795
3686
3394
12
4418
4732
5819
5758
2365
5411
5041
4308
5038
3102
269
5493
1488
1248
1992
402
5239
2022
2280
3479
151
6183
6319
3631
6197
4518
5348
650
5522
550
3360
4706
1262
6521
2714
3847
3420
565
1435
38
3619
1236
2687
290
6261
1188
5251
1934
6312
3181
309
5388
2666
4092
740
5976
5288
6706
325
2849
1794
6123
6612
5211
3206
1297
4268
317
4047
6398
305
274
1765
4667
2063
1622
139
2733
807
2724
786
2262
5456
537
2833
1780
1450
5555
551
4462
3080
855
1287
617
4033
1215
5686
4412
2319
4659
6008
865
4658
4883
1808
1061
3076
5367
2554
2904
5598
4689
112
2893
2274
5475
5013
3512
1740
4490
2479
6082
4609
2741
4260
3472
5793
1416
1042
3587
3886
6567
499
2992
5534
295
233
606
2040
717
3744
3752
1073
1950
2795
792
2721
6944
2880
6294
6817
2147
3516
4595
396
6994
5463
3576
1871
646
2195
4044
4241
2619
5016
2005
2038
5789
3123
5730
1638
4171
3131
2660
4519
2716
6242
3490
997
514
3724
5230
6947
4815
4910
2306
5248
3846
5014
3144
989
5755
5921
5053
5228
1791
2072
81
5368
3321
2587
4624
3542
2633
4199
6922
4071
1795
6633
2778
3651
803
1751
6956
6017
988
3834
2468
6695
5083
5081
2796
2800
543
6690
4441
1599
5357
6764
1333
3226
3823
6120
4301
1343
1997
4877
904
5772
1558
403
4212
1858
962
1656
3422
5434
5872
2546
3985
6315
5898
2607
1249
3895
4067
1269
5025
1031
2813
6226
2827
3292
4368
5349
3120
1303
2489
2081
5781
3258
2518
6597
1320
6394
5592
3708
6698
339
632
1006
1145
4644
6579
4780
5479
13
5805
4547
2550
4958
6943
6850
1741
249
5954
487
6032
5660
5441
5390
4555
6015
2788
2768
6601
6239
4413
5680
571
830
294
5992
1501
3528
1505
1746
3343
6297
832
2332
3055
4244
6742
928
5638
3958
4390
3644
4108
532
6391
2783
6148
5385
1736
1670
3488
3745
1054
6040
4012
3995
1454
1281
4082
4496
2828
6194
1098
6639
5806
2233
291
4736
5864
2679
569
3474
1749
2971
6363
1009
3219
3932
1967
2491
3072
4409
121
134
1074
4925
5779
4711
4118
2501
5846
4177
3053
4606
843
110
991
107
2559
511
5149
3579
6507
4992
1094
656
6580
5432
3480
3367
5185
3359
4206
286
4306
6166
5217
111
2386
673
4889
994
4374
5914
767
4583
3772
910
458
3118
2185
3236
844
787
625
6939
1279
2066
2443
6461
2402
2089
637
4446
2179
6214
5468
4534
4360
5400
1998
2758
4336
6087
2164
5515
4246
3164
4570
1300
360
3469
5213
1755
2986
6871
4875
4088
2091
4166
2784
4890
5075
5706
3431
5118
4256
1882
4989
3398
1843
6952
2092
5734
4193
5347
3413
323
3205
2763
2076
6615
3887
2237
1187
1792
3004
4513
5030
2315
6137
5641
4516
156
3623
6088
3128
6914
1880
494
1473
5473
5526
2905
5657
1829
733
5175
3692
1184
6439
4362
722
5648
1591
5363
5560
5667
927
2463
1596
276
3685
5084
3664
1389
5786
1933
1244
6070
2451
4423
4037
1003
1245
3330
6523
1072
1284
5181
522
1853
6901
726
4312
1908
1328
5227
321
1121
6220
4983
6072
1800
1826
3115
104
2124
2932
390
5419
2015
6361
6644
376
4982
5923
2957
3349
912
3996
3556
4973
6401
5112
1579
6999
1864
3513
1971
3504
6894
6740
3565
1530
5719
1203
546
634
5088
5026
6330
63
5104
718
5283
5214
1008
3310
1274
3679
5679
553
2211
4625
4618
3427
2535
3689
3176
3612
4429
3809
3767
6604
6822
2199
4338
5761
3978
5842
935
5203
3864
6884
6095
2609
478
5828
4004
3937
3106
3386
1119
2168
4371
1935
3290
6119
2026
3165
307
2982
62
284
6128
2909
937
2885
488
823
2093
4369
2608
1630
3327
5704
306
6958
5101
2864
1959
4120
5291
4799
4977
3414
3260
5017
2673
1763
5382
3390
6697
3690
658
4058
4685
3868
4187
3938
4935
806
6647
3274
2735
6702
2944
5692
6857
4431
6453
4321
4150
4087
6500
6209
503
4617
4608
150
385
4790
2460
3561
392
5922
2393
811
31
5651
5312
5384
6971
6345
5100
6949
5513
3762
4463
5393
3790
5899
77
1727
1650
2991
2822
3077
3450
1039
3759
2238
18
2357
197
280
1517
996
4623
1811
3189
6674
1845
3751
5764
1504
3401
4676
2841
6100
5773
4278
5179
4776
3506
4844
907
6
454
1899
846
2119
2923
1135
6468
4170
3381
2254
560
479
4645
1338
3774
3688
5222
2214
926
1878
6642
2888
5662
6684
1344
1743
833
5884
2059
888
5646
1171
5632
958
6110
182
6741
1916
2925
6599
2304
4991
4642
5057
586
5474
3872
1649
2999
3505
4692
3441
2425
2593
6735
3075
401
1168
4967
1688
2064
4951
2596
4907
3726
3047
2881
3922
3624
6286
4657
3639
6622
6583
6983
4486
6546
1677
4931
6447
5857
4535
5856
6841
5736
3699
4728
4226
6413
681
4767
6928
2775
6257
3527
2212
2624
6588
5453
4488
4806
4498
1481
6838
5484
2548
3857
1939
3355
477
3797
1531
3149
5869
3246
6287
2688
4662
6347
4280
6202
4132
3175
3845
3179
985
6518
2330
3610
1991
920
4322
932
1455
6787
2825
4396
2457
3215
5477
5465
4985
1893
3073
1526
6803
2749
5666
633
670
2156
4614
426
3032
6478
4678
4106
2637
4355
1162
689
5351
4763
1024
5280
5141
1840
1523
5127
6168
6652
3363
685
6672
2146
4384
664
2751
6306
6305
3266
2866
1485
4195
4509
2382
1451
1687
3283
3315
545
1429
860
2946
3013
3787
527
3637
5281
2676
4809
6784
6630
785
2652
4944
311
2520
5605
4823
5020
2861
6617
5906
4695
6624
4025
5902
4722
623
4385
797
674
5676
849
5040
1738
1632
3855
6281
1317
1147
1361
4352
2672
2232
2831
5210
5327
731
6594
2139
1438
892
6629
4169
5546
2350
3756
940
568
6935
3110
1884
4136
4832
2419
6125
5290
2101
6837
6285
6417
2016
2187
5076
2104
3858
6497
3608
3262
6892
5423
4273
2197
2939
4870
2221
5322
6292
5888
1957
2945
3746
2865
428
5619
2855
5746
2157
4107
742
6299
1604
1316
5893
6852
6190
6564
152
157
6396
3107
3537
203
3546
4281
6801
5997
774
1553
595
6308
3711
26
5938
6907
1697
2133
5131
6760
2291
3997
2057
1813
1705
6514
326
6559
1299
3003
6552
4611
795
6635
3877
2078
124
4739
587
6023
3534
1637
1926
3959
1349
6167
6372
3765
1703
3917
573
4050
3566
1547
2547
74
6434
1521
5928
6298
86
4916
5684
1584
2723
6115
4065
800
3194
4233
1324
5260
862
4864
6405
1153
279
1672
4410
6836
4237
4411
3209
6650
6366
1016
3525
5595
6053
6834
6403
5316
4315
2838
6313
5963
2099
3873
193
3210
4002
5843
4965
6770
3168
4042
4674
371
2111
3930
2809
1608
1801
971
2892
6721
3238
1636
5817
5945
85
3018
5972
5244
4520
3216
3410
5762
5023
4737
3499
631
4152
3560
5590
3298
4274
2424
5808
3615
6205
6096
3217
4979
3081
5031
668
5273
562
5797
3826
5087
5415
3457
4942
933
1721
6840
3295
159
451
1329
4643
1980
6233
1057
1737
3060
3782
6350
5557
1369
3022
303
1380
293
2720
2575
1252
6561
2269
3021
5420
5204
3710
277
2755
3158
6978
5247
1835
2476
1728
1539
3769
5731
3462
6665
6382
5535
2105
6811
5578
5929
6551
2374
1339
1265
5050
5728
698
4948
4229
6708
137
3133
246
6329
6688
2256
1404
4988
4125
5671
2053
5631
1428
6885
1825
4998
5750
5670
4269
6896
27
1915
6052
6138
4789
6175
5452
1243
3201
3957
5404
443
4550
2704
5974
6819
1120
1427
6144
6393
6656
2702
1080
1116
1400
5821
4492
6648
3188
6228
2065
4023
4110
225
3112
6694
442
4027
1247
202
3953
3193
1881
4323
465
3669
1954
4228
4717
6540
4472
4556
629
2084
6895
6241
5961
5469
1436
5860
2931
34
1374
6982
3661
1555
2307
613
508
1895
5654
3840
6106
4537
1543
4459
2699
4681
1689
3433
2125
4825
2681
756
3159
1306
1237
6927
105
2400
4214
1929
6380
534
2477
6469
5505
2635
5635
3284
2773
1564
1618
2585
5205
6853
4066
375
4091
1357
925
4303
4829
2895
6187
1068
3553
5032
966
2967
5439
72
5298
4034
383
4563
2629
2816
3964
4531
2415
4596
103
6558
4376
135
460
6074
4887
5047
6275
588
435
3389
4557
4669
1730
5803
1295
3320
6554
1552
6185
71
2786
4129
4744
3447
4666
3489
4908
6107
6336
2426
2416
3715
4286
6587
5331
3252
2656
6009
2889
1489
6124
168
6802
783
65
6181
1674
502
219
3607
6290
6934
4284
4654
3572
6700
5145
229
5720
2598
3884
3408
4827
69
5944
5197
5883
1005
2701
707
861
754
6111
3001
213
2409
675
6339
782
644
3509
1951
6812
6538
283
4305
5931
4588
3935
1149
3251
208
3302
2143
5643
1726
1516
6196
2345
3951
6527
519
4426
5741
1392
518
1232
5253
4146
6667
6448
6039
4039
3282
142
243
6035
6788
3658
5897
4122
6470
6195
2515
2717
1659
6465
1733
5062
6882
5788
5940
6151
67
577
1367
2335
6086
275
1500
6302
3370
808
4803
3468
2056
4198
516
4218
1126
3673
2442
8
914
2552
2036
561
6273
6229
3584
2924
6555
3016
4184
3392
261
3881
6993
6800
4251
6918
6103
6572
1894
1246
6012
2869
2428
660
5105
2193
1271
900
1336
2610
6661
2719
6047
645
647
3126
256
1193
2564
176
2070
1354
2663
3940
6158
3470
5995
6813
600
2531
3084
1582
5052
1812
1496
2466
3288
6933
624
1129
878
25
6384
1576
2142
3618
2031
206
1503
1332
2198
4436
838
4680
6097
3156
2086
2603
6127
4778
999
5153
4340
3015
5532
4103
4804
1550
5097
6217
3598
3642
1315
1179
6536
6109
5663
127
4265
3901
6201
6658
441
5147
4080
4791
5850
2239
2686
3540
1468
462
3979
1067
542
5747
6955
2977
1331
3568
498
6981
911
6899
3784
6076
6774
5685
6243
3094
4068
1334
6337
5918
6581
6669
3590
1937
5812
1747
719
723
6506
6608
1681
4603
4277
2996
61
5060
2155
33
2042
6376
922
2129
4670
2834
6353
4327
250
4168
1199
5999
4123
6845
2296
1462
6566
6449
4715
3676
3019
6432
5246
2096
2708
5757
1602
2854
2401
5717
711
3874
6247
4859
3737
6988
763
186
3460
4310
2068
2590
3070
1043
356
4377
5528
2148
5911
5117
341
3974
5077
715
2804
3502
1762
218
738
1573
3914
877
6427
6134
1739
693
881
5699
1842
6446
1115
2493
1767
5381
4637
5596
5766
4363
1723
5904
831
1346
2178
1907
5978
1713
4828
2868
2617
4021
1975
3379
4562
3870
6058
1711
6259
3665
6078
3851
6969
4956
4633
1742
5975
1144
2522
5234
472
2561
194
2171
1995
5771
753
6923
2995
3459
1693
5506
6193
3031
5618
6992
5937
3130
1341
6662
1467
3723
4222
4243
4673
3786
6575
1000
5126
3269
5345
21
2338
700
169
2240
255
768
696
6509
266
1430
4313
2859
5873
4591
6989
5242
6769
6024
5776
5279
5454
5308
2302
1282
4808
5094
5827
3859
5108
3878
6683
5968
1256
677
191
5082
3027
5059
4933
3222
5311
6746
4900
5372
6375
699
6625
299
1601
6169
1212
2774
1491
4144
2898
4470
2339
3611
6260
6323
764
2669
2134
1475
3438
4395
4344
6586
19
856
3988
3198
4162
1401
3675
3640
5123
1321
2602
3867
5677
198
520
6806
4525
2636
3804
1994
6011
3316
4792
180
5058
2161
2190
5644
1605
1870
1261
6670
4109
6687
6585
6342
6525
3012
5927
1141
5196
5919
4045
5070
4577
2308
3079
4772
1920
3928
4009
300
3002
3906
5936
5446
2253
4980
223
2452
2020
4690
244
483
1305
4997
4800
6849
1788
4920
5491
5510
5007
5285
6459
5983
3630
5421
507
273
4872
2123
4641
1629
1143
6865
3813
965
3170
6712
3416
