3146
784
3383
2440
5795
4911
1521
4796
6668
3226
2408
6723
70
2398
1587
3846
5647
5883
2938
401
2674
6375
2748
1347
4341
4241
5951
3269
439
4679
1743
1084
186
2727
6488
2216
3624
5216
4942
4333
6526
3524
335
991
4139
2887
2930
715
311
2808
4815
4146
5414
4133
3705
4698
8
4372
6532
2841
1182
6658
2963
3954
1261
1967
6039
1945
1368
3769
81
5200
1840
1434
4510
6078
6950
5993
3889
5820
3784
4856
2457
39
1594
2168
2854
2855
26
4804
2151
816
441
436
5568
1724
2859
4582
5521
3398
6176
2717
2392
2516
1535
862
147
5673
4840
4735
5010
2027
6615
5610
2177
2696
671
865
2337
1726
1756
3900
3659
2969
6795
413
5033
1206
4170
6805
407
5536
5882
3586
4929
5631
159
6595
3293
5053
4435
6793
4820
6999
5390
4429
5948
1927
3229
4743
1654
1717
6856
3406
2331
5511
4628
4938
3617
6732
5153
2595
6840
5097
6019
5684
363
3168
3712
144
1226
2991
1267
294
6003
3844
3328
1604
317
4542
5639
1224
2092
1113
5187
4961
6163
6896
4376
3091
2800
6215
5208
5726
4336
1327
101
490
3329
530
6023
4361
5681
2791
3028
2376
1676
6958
3354
1907
1764
280
934
674
3144
3896
2173
2499
6574
6701
716
6052
1477
1361
3364
6962
2081
2976
6700
2443
4431
3777
6543
2843
4714
3541
6843
3191
1482
6026
5504
6054
1641
1346
756
5603
4016
6013
5932
6268
2849
1259
3819
539
3263
2020
5422
1636
5630
3302
1932
3369
6751
6659
6538
5049
5278
617
875
6884
1980
4266
6356
3254
730
4611
4654
5491
1399
6333
3786
696
1939
3381
845
3031
2206
2967
6372
3835
1262
2489
4031
951
3874
987
3868
3317
6395
2246
6931
5876
6912
4307
943
5817
1381
2952
6969
720
2617
4729
2129
1286
4987
1163
5727
663
5667
1295
6445
6721
1366
4989
6778
2003
1167
2667
5912
6377
4095
2711
3464
5958
2358
63
2048
3512
5661
6222
6099
548
3212
6525
5472
2570
5024
4235
4055
5488
1728
5305
1513
127
4851
3813
359
6450
1638
3904
861
5959
6794
4408
4760
6640
5513
3442
1834
6270
1805
5403
1473
4579
1345
3956
6425
3411
2804
1103
4352
1441
3138
520
5515
1158
5253
1242
719
2538
3482
5478
4797
507
4252
3590
827
6648
6719
4782
6502
4293
2879
3892
641
5417
342
479
1117
3198
5316
381
4943
560
1089
4919
1017
2493
5238
4900
364
2621
3312
6036
3851
1819
652
587
6631
3924
3372
963
5051
3183
3011
5903
2793
2971
5059
1461
4148
3508
5096
2850
1401
1227
2433
1955
4985
2031
6440
6198
5832
5113
5698
4263
1735
4700
6954
4224
6057
3559
1526
1797
3324
4203
183
4205
5445
3724
4102
981
4124
2571
6260
5249
449
1637
5273
85
3100
5755
1337
4072
6937
5433
4308
5587
1843
6144
4621
1051
5563
1860
257
4130
4246
462
3566
896
6319
882
3217
1174
296
4731
6572
5009
3525
1715
2150
2504
5439
1609
6056
6000
4467
6086
1249
3790
706
3235
1803
6904
5559
1555
2269
1432
6655
2334
4419
2634
3990
3466
4056
2869
4261
3899
5114
5789
4810
3237
2152
6636
1957
19
3243
6807
888
1112
6177
1265
4520
2234
3125
2057
3746
6418
472
1169
1881
4399
5308
4893
1953
5146
6524
4756
5845
4705
568
1383
289
2393
3373
1630
170
6559
5204
5955
3678
2047
3182
2705
2544
2380
872
6539
773
717
6750
2090
2285
3299
5901
356
4403
4197
4413
3316
6076
1839
1662
3326
5017
3531
4187
1022
4718
5804
3640
5579
3003
3743
4533
1200
5642
4066
5892
6017
5111
4719
3720
2635
2153
4530
1500
1663
688
6855
74
4374
3222
5774
817
18
5796
3479
6307
3754
6663
1115
789
3150
5161
1121
2822
2179
625
178
573
1012
3283
122
1873
4449
5877
6271
4121
4920
2310
6362
4080
662
6371
6473
5210
6684
3190
2496
5950
3415
5537
2779
506
1037
1216
5012
4926
6313
4525
6468
4880
4229
3879
2533
6546
4915
6483
4338
5529
2720
6314
2764
3071
4514
6964
130
4710
3002
1032
2652
3939
3927
6002
3435
4862
3054
1895
2524
1922
4792
1379
5611
1784
5941
395
5826
1847
6466
931
6141
2106
1986
1264
5999
6765
4855
1725
1831
2103
6203
4787
2610
6471
1501
6074
2783
4681
6518
6670
1688
5928
1605
1439
3630
6639
532
1150
3480
1779
1817
5250
2568
4309
1080
946
6635
3152
2566
2747
2018
5945
3857
5461
6940
2604
2820
5170
3432
1590
3012
458
2100
6328
698
3738
5284
4805
3357
740
4237
4950
4379
2409
5741
2368
1156
5851
5482
4430
3710
3101
3884
4811
5619
4076
2167
514
2063
3483
5980
4653
5083
889
5311
5458
1966
6121
5042
5973
4561
403
3179
3107
691
5952
6266
2344
5914
1219
2391
124
461
4523
519
6037
4657
6267
4250
3355
5564
2699
4249
4551
3616
202
2862
446
5575
1160
5982
1798
1104
4184
1474
5625
4794
2042
4468
3018
3499
4149
5444
3549
273
4763
2197
5767
3089
6419
6147
5555
4366
344
2087
881
3730
1889
3260
2477
5271
5850
2728
5076
3883
3629
3014
5917
6311
901
5936
6972
4650
852
1276
1826
3149
5894
3253
486
1631
4849
4863
5613
6850
1813
1213
2999
389
574
3259
1534
1081
222
5335
5940
6994
1258
204
3957
4209
4305
6452
5801
1457
5475
278
3995
2185
6142
3802
6416
5191
4173
4829
2723
1095
1338
4607
547
4199
2249
1754
452
2401
1392
5496
4113
3211
4390
2405
2709
1088
1237
3942
1129
1410
1039
1903
785
3634
5359
2184
4641
4777
2630
792
4660
1469
6357
868
6317
6981
4544
4976
3553
6511
3185
2507
3300
6364
4814
2992
5691
3088
404
259
6744
1109
4412
546
4963
4459
3894
1245
6696
4892
4051
2332
3843
4927
3129
5730
4053
4901
5728
2927
5427
2983
3632
822
3375
4722
4828
2289
3188
1674
1444
2766
2012
3814
2575
3374
5872
4160
6044
6444
742
5685
5123
695
647
3689
349
1246
1574
140
5707
4154
2434
469
3538
6874
1529
3402
6679
1162
6197
5131
5214
692
5400
849
4788
3052
1969
3035
3866
4166
1802
33
4193
1935
3136
6549
1280
10
1187
4589
6126
6431
5144
477
4940
1775
838
6408
1091
209
3331
1475
5092
5395
5372
3036
6777
4330
6463
5333
5055
3582
2417
2506
552
2752
5007
1669
4296
6588
5318
1598
2089
4275
2051
2215
1554
1319
1067
3026
3945
5112
702
5887
5798
3690
750
6325
779
2480
135
6530
823
6437
3472
6447
4017
6225
6948
6359
5486
2898
5526
3143
5870
6053
6920
5259
2688
5235
3808
4167
4494
4071
1126
6900
2431
4054
3202
5836
3550
2466
3733
474
4871
1416
6157
6825
6578
373
176
2725
6138
3241
334
2280
831
1768
6275
6388
2790
4239
6339
323
654
150
1691
1766
197
2682
2239
6213
3902
2771
4619
6540
2423
6290
5768
6386
3707
3228
5401
5412
2947
972
2942
3497
859
2819
1992
6583
4850
1291
6298
2324
2069
5635
6135
5871
6204
6919
5236
3123
6713
6801
447
4558
6100
2149
6190
6582
4784
3515
4707
1680
2158
686
3718
4913
340
5818
6485
988
2520
1344
83
3699
2660
4318
5381
5766
3094
4120
3503
6237
5368
1870
6246
6344
6720
3041
5650
5865
6423
6083
1713
3162
5126
1395
3941
4640
1627
2242
6548
6769
4268
4499
368
2581
6508
2628
3654
2402
6952
2872
1436
5490
495
4453
4615
4859
4780
1995
5
3340
1924
2148
370
2211
2406
4502
2156
4356
6861
5077
5060
599
6528
3734
4941
5336
803
6555
3053
6868
3261
3509
4311
3992
4801
4528
4087
4034
1557
2016
6818
6935
4216
6760
5119
5457
5763
5700
876
4062
606
2038
6165
5531
264
6376
2486
800
1592
3240
6953
2935
6034
616
1159
3567
5230
3961
480
5143
4646
1205
4189
1730
1426
1633
1796
6130
4342
4158
3876
4835
1284
4289
6481
4143
5291
1228
4100
2059
5057
6607
2523
1203
4625
3732
1753
6087
1446
6889
2866
4128
1545
3728
2011
6844
6465
6070
3800
3700
1635
2061
1391
5947
1867
683
2899
1593
1456
3172
6114
2446
2590
242
6997
3679
4586
2241
4962
5041
4195
3102
4946
5920
5760
3006
318
680
1123
5544
3192
6941
3919
5793
2517
2022
2982
133
6283
1016
5459
4979
1690
227
4344
1275
3750
3244
5915
851
5363
4325
2120
5348
6724
3936
1765
6678
3915
631
2948
4736
4175
6567
3871
2222
1305
6529
4245
3563
1464
555
924
1541
2447
6430
1194
3863
2550
1161
4521
5288
5721
5087
1538
2701
5808
4371
6621
5396
1599
3914
2378
3958
1019
4423
1024
3489
6258
5591
2473
5302
2290
6058
2349
923
2807
812
1023
5056
2430
5091
3118
6808
4134
3109
4633
3759
5612
3305
3909
5624
6576
4391
3078
3000
185
4393
1707
1349
3673
5361
2329
6828
6361
6673
1073
4567
4181
348
4726
6995
6075
5904
907
665
2236
1132
3023
1253
780
1919
5739
918
1248
2411
3330
2780
4986
3077
3561
4190
5960
3546
1740
1223
1733
1898
3359
6535
237
66
215
4575
6522
6438
5852
3248
2342
4639
3793
3114
4802
1686
3027
3323
1176
3592
6933
3238
2749
6536
4137
6910
544
2587
1692
488
4912
4982
3126
84
6272
6482
5224
2458
1489
4191
5003
6985
5710
638
6136
1913
3869
4264
5957
2343
457
3444
331
6479
1168
1119
3236
979
31
5172
2901
440
4527
5886
6542
5276
3978
4999
3976
2743
6186
4488
5145
1790
4163
3147
1061
210
279
2988
3792
2644
3587
4176
4923
2456
3599
5921
6709
2560
6610
207
3715
4754
5016
2559
2837
5675
4609
1559
2768
4559
864
5747
5159
2594
4036
947
1141
3798
4328
5561
4313
4317
2035
3427
4534
5873
5207
3748
6800
6799
3431
4443
4006
4119
3588
6167
367
2585
1595
4659
3781
3523
3751
3219
5502
168
2638
5023
1837
1763
1848
926
4648
258
4280
6983
163
2071
2449
4315
3627
5130
3775
6880
1537
814
3047
3996
3807
3785
5075
5243
1497
5022
119
6581
1086
6839
976
1878
3788
3445
4174
6600
877
733
6768
6870
1682
1700
4975
6170
2661
2422
4839
4482
4917
5842
3166
4772
2990
4448
5245
1495
1727
3682
5082
3440
847
175
4238
1624
3141
3292
3007
1114
3079
6435
3156
2209
6486
4138
1093
3452
6550
4091
5162
4236
4818
3527
3981
6063
1101
6785
4516
601
6775
5861
4906
6781
2004
2421
3520
4890
3870
4462
572
5576
3205
3569
919
2611
1484
1579
1096
2165
4899
556
3042
2199
6780
1443
6299
6294
6262
550
3982
5362
6257
5367
3224
5337
1944
4827
4019
5292
4668
1382
6242
1519
106
430
2023
6736
2698
5783
2845
3998
6654
1371
2311
1884
5974
1404
1615
5467
4222
6832
426
3187
4396
1251
3809
5177
1272
2461
4761
5636
187
4972
238
2301
1608
376
2058
2498
1666
2556
1952
5251
427
3392
6199
2373
60
644
853
3966
1247
4226
23
2736
5978
6284
1002
3401
2796
522
3552
710
5896
2542
1887
1166
2868
2893
6112
6942
3905
4042
4359
590
3403
6819
460
5623
4552
6908
2757
604
1712
5655
487
5492
542
2487
1548
5192
2890
2275
4776
6234
732
3030
3297
134
4774
4398
6196
1014
4151
4360
261
4957
444
2299
3256
3455
1668
6295
333
1341
4741
5946
2390
2221
6710
1370
2354
4860
6009
6443
4400
5520
5868
6689
6217
3760
497
6085
1659
1413
6620
1054
6324
4024
4310
920
3980
1760
6783
3600
3082
2750
2738
2548
668
1438
2794
3262
5592
4446
767
5387
1332
471
1704
2555
646
4734
1943
4879
268
94
3363
6069
86
6680
418
6672
1516
2425
2235
1059
6337
1053
2219
5984
3893
6929
778
570
1139
5811
6838
5484
4466
1342
338
5690
6682
2388
2541
6066
1467
72
3154
473
2384
3280
1517
3319
738
6458
4696
6296
4634
2231
1902
975
3216
1533
5705
1861
3037
3473
5815
5596
2459
6269
3131
1823
6239
2751
5556
5066
105
2816
6728
558
1202
5562
5949
5058
3725
5452
3454
6084
4627
1417
880
6667
4519
3056
5900
4512
320
813
6249
2296
703
2913
377
3376
5518
6881
293
312
6394
5828
4708
2193
1640
3433
45
739
3596
3816
3303
6303
6493
5665
1208
4277
4595
3818
2000
3513
745
2624
6829
656
2639
4614
