3888
5456
1700
6452
2935
5465
4275
3209
5494
5699
906
6938
4471
2404
2613
6097
3566
2710
3320
180
5399
6729
4634
3206
3809
6120
4577
3437
5182
5936
6509
1637
4415
5999
4912
6533
3447
5971
5374
1959
5758
3258
6985
6396
6040
2079
6713
3636
2646
300
6600
2806
3347
3203
1289
4422
2744
1336
6295
6580
907
3390
1358
140
3891
1331
3927
2164
6406
460
5218
4444
4088
3614
1023
4257
454
3528
6421
1531
4587
2597
5666
1059
1874
5584
1075
5475
3634
3835
6153
1721
2937
4593
855
1766
423
6823
1349
1595
6621
5332
2678
3008
3944
2370
6652
314
1692
11
816
2871
2172
5636
1918
6859
607
6390
6131
3702
6380
1360
3644
1511
5545
1005
100
2993
315
1773
2928
4285
5876
3087
1197
501
6119
2859
2972
1719
383
1759
4343
1704
2083
576
5841
3740
390
5838
6018
6444
2423
1913
5768
2291
2942
692
1432
6577
3889
5067
1436
3345
1642
1801
2833
956
3763
1119
2593
3549
6514
1002
2651
853
2750
4347
4510
1084
942
1935
741
2229
5362
5759
5770
3854
3169
372
6532
4181
3287
6151
3034
4201
3950
1407
850
6668
1661
6826
6838
647
4695
446
841
6242
4687
6591
3301
3189
3058
78
176
4509
2371
2166
5435
2114
1370
2655
3357
3925
6388
530
6940
5631
955
2990
1423
6756
6535
6671
4105
4541
3
3966
3006
6245
624
2269
5790
1618
5411
6814
2061
142
815
5443
6182
4558
5191
5711
374
5199
3040
897
2563
6175
533
4573
5804
5994
6976
987
3133
4215
5172
4626
3336
3977
800
2510
2532
5559
2599
6599
4863
1528
2456
295
3419
3964
5147
3774
3539
5091
1537
555
5506
6525
637
4254
2152
6944
6860
5394
1573
5798
1556
700
4675
2727
809
3061
1808
2612
4118
53
2116
5541
2382
615
5990
4053
868
2805
6999
937
1081
4315
41
1152
4023
3894
3300
3554
672
914
2917
2814
6794
6927
1502
167
6937
1060
5534
4047
2027
47
6982
3466
986
3895
6198
6435
1548
6896
5689
3262
1578
2417
5264
1842
5476
799
5903
2441
1293
926
1534
428
361
3608
2723
113
2330
2572
5626
4830
1588
3310
2455
6383
2811
1123
2665
2625
5331
3819
2996
2056
5896
2954
4703
2520
1662
1908
2575
2842
6946
4202
6733
2591
3593
2778
1192
3183
6505
2242
3450
2478
4606
3754
4941
610
222
6117
3967
13
6212
5906
3918
4938
1777
4876
513
1508
248
6487
4544
3829
6293
2745
4928
4905
3102
6661
3453
6461
4540
3989
540
5287
5315
4098
619
5886
4355
1988
4677
4516
6911
5802
1115
6579
824
1804
3069
4550
3032
6754
579
264
1257
5038
5920
902
5325
3996
2830
3254
1761
1769
6969
2649
1334
4819
5407
3020
1732
1033
3327
1137
2266
6585
4759
1781
1421
327
6516
1633
6256
2773
2098
4754
187
2312
4908
2986
6314
4976
6816
582
5238
5279
5122
1458
6866
2057
2117
4411
2374
3059
1606
2874
3914
5180
1168
2304
879
4783
3047
166
73
99
4684
2386
2562
3406
5389
4000
6398
6762
487
4748
2341
4389
4705
4832
6862
4061
2301
4827
6906
2569
570
1142
3518
4747
2228
6871
1169
3832
2008
6592
3314
412
3928
6648
5232
203
1391
1566
6079
1968
3993
6026
1224
6241
5146
3704
6172
2485
537
269
5178
4264
2567
5998
5002
443
3856
5042
4136
1428
4467
2204
958
3222
1943
5382
3571
2911
2964
3905
1871
6029
584
953
5697
1046
6863
4383
3423
1038
5663
6562
1750
4011
1212
2011
5712
844
6067
2850
4989
5651
5093
6308
1509
3598
4346
396
336
833
3804
3709
1291
5242
2406
119
4251
1593
3817
2645
2716
5225
2672
2989
2288
114
1652
1438
6959
5430
5151
1475
2931
1420
3351
4691
3619
3615
1110
1086
1976
1056
2023
5327
1367
6891
562
3770
6919
6817
3860
3559
5098
1515
5943
524
6060
1982
3396
1261
6094
900
6660
6111
5288
3139
1348
4683
4115
6496
2480
6651
5052
1616
596
5652
6297
2771
2173
4620
1335
363
3936
1751
3940
6534
2836
1068
2768
5976
6312
2923
1624
2643
6682
4883
1220
5832
6498
1601
6395
4441
5538
2550
2414
4603
4546
4641
846
2350
2289
95
1298
5000
5201
4393
4419
1841
4334
691
604
2624
3725
2162
6407
6972
5819
1105
1390
3898
164
2142
298
5875
3278
4005
2262
2512
4954
5844
795
3137
6759
4317
1833
6813
4019
6897
169
1611
2377
1816
4578
3030
4486
620
1418
382
5470
606
3595
836
5128
4714
1524
3452
6281
3384
3563
1865
2869
6889
5787
3995
5727
5026
5286
4132
5373
6731
5842
2780
6765
4500
5487
19
6757
6092
6764
2748
3834
6169
2311
4203
4022
1234
4998
6934
6226
3408
5395
6640
5641
329
4982
3557
2407
5361
1373
6705
2793
5253
2635
1113
1366
44
2851
3533
5011
740
4231
4072
355
4130
3683
4559
81
1281
4627
2477
4707
2630
6425
5429
1317
6874
3132
2213
2220
5620
1219
3857
532
3974
1036
6843
6102
6133
3540
2618
5079
4535
2704
5308
2058
4531
2557
2715
321
3976
583
344
4632
6359
2105
4799
408
1025
1898
2619
2156
2659
338
2981
4987
6051
3428
1082
666
1615
1045
3992
3544
5417
5176
2221
1695
6801
4724
2316
6951
6641
1962
6013
6869
2640
1677
171
5207
188
6413
2155
1062
6085
3123
499
585
3070
6861
6936
1669
3803
1447
2189
1778
2953
6738
4563
5427
3616
2798
2740
1347
2148
1198
4333
2568
4802
821
3201
1327
1679
4074
2144
2168
1955
5764
2216
1303
5340
2010
662
6306
6143
5228
2608
2815
1533
4560
3166
6130
5573
6096
109
5219
2279
4449
5728
5464
6180
4452
1966
2064
2976
856
4147
5801
1012
746
4091
6465
1928
5306
1758
4195
6473
5103
1811
444
6780
2466
362
6101
4995
3633
5725
5131
572
406
316
526
4062
2447
1471
6364
633
6391
4412
5125
4696
3398
5119
936
3948
1211
1771
3494
4628
4125
1174
189
3530
1929
4967
6608
5491
2486
4152
4388
1863
70
2880
319
6386
2065
3168
3009
4523
1039
1228
4117
4364
5065
4534
4678
578
2739
3080
981
5100
5822
1575
3130
1864
3664
4856
1251
2513
4861
5112
3761
5448
3172
2883
4547
6337
2286
4070
3380
733
155
1859
4655
3324
2938
1389
4568
6945
57
865
2053
5318
725
3844
1845
3482
1489
2340
3062
876
1977
4624
3135
5064
1585
2932
2369
2664
1889
4360
2691
6626
3988
2732
5003
2427
5368
5050
4481
3459
5486
3893
3673
3186
5149
6378
2410
5520
2725
2488
2359
345
4659
4850
4775
704
2035
5820
3332
5203
2196
1299
3270
696
174
5227
2372
2104
6563
144
3892
3313
5471
2697
2621
6783
2111
5495
1678
3192
2499
912
4770
2063
3926
1558
755
6039
3386
3238
5202
5446
3808
3764
3265
4584
6165
1794
6381
242
1346
2951
6809
5638
3994
3002
5423
1626
3627
4043
6105
4165
6604
279
1233
5074
294
71
4693
2302
550
4371
2473
658
3435
2399
1382
2906
3719
2536
5680
2476
5513
2611
1100
6191
3708
226
6489
4081
1629
2193
5949
6907
4059
3839
2097
4431
5422
4191
417
6950
4168
4926
2160
4184
6847
6650
3947
4313
2729
4779
2037
1872
4771
4012
1446
339
617
4823
1709
4999
4631
1860
6231
3672
1164
442
847
587
6662
6150
5793
1747
6121
4378
2353
1237
5433
461
515
3372
2837
4259
4428
6885
3335
1454
6145
6389
873
5967
5499
3303
8
5593
5542
1371
6618
3779
6803
22
1405
5058
5493
3415
285
488
2167
2683
1617
3204
2180
4455
4358
3215
4398
2113
1668
3810
990
5919
4739
353
6994
2028
3833
2429
5978
3165
3884
1625
6910
80
2112
5857
5037
3449
3018
5935
276
2022
2920
4020
1765
4503
3039
4986
6177
4425
4607
3353
2066
6189
3321
6098
5145
3739
1263
6324
3016
4335
4838
4351
48
1598
5270
2392
1037
5628
2462
707
6021
5335
6274
5468
4867
1627
1888
5105
3569
4402
5453
2817
5126
1324
6558
6173
4519
2634
2498
4214
2738
4556
263
1057
6615
6603
6149
1296
1149
5601
1945
3099
5047
2804
3045
4549
6735
5139
1188
6811
1042
6769
4080
2138
5562
4903
5442
5272
5416
6248
6531
1074
160
1815
3583
1891
6265
2719
6728
4008
713
6690
3604
2898
3230
6006
6155
1724
154
6956
5168
3541
2818
1400
2086
4423
5133
200
2877
4229
20
3200
4919
2713
3853
6644
1861
2812
5263
2135
6977
4689
6798
4599
2060
4597
1143
1111
5941
6647
4638
5655
5185
6834
6041
3409
731
5388
5737
4813
6350
3343
6846
834
975
244
1359
3000
4102
2231
3562
814
5794
3158
3722
6050
3086
1472
3272
2775
5735
1204
5496
2781
5440
1379
4758
3208
4028
5765
717
5730
2050
2125
478
6947
4874
1378
2397
4505
752
3938
3257
1387
1404
4737
6632
3304
4750
6954
5116
2110
558
135
5075
3145
6609
3007
4273
3142
670
3160
1993
2014
1735
4937
5025
157
5701
5283
2055
2492
2257
742
2845
287
3909
1555
1385
4344
5865
5110
5574
4681
3461
5434
1032
5349
5403
5775
3935
1332
3661
4103
2876
4574
275
5603
5259
4076
5816
1557
3859
2860
2721
5659
6237
5639
1004
1830
6007
16
1645
1716
4384
3723
6904
1061
839
1201
4461
6995
6955
5773
5041
797
2855
4497
2280
2517
4983
4341
3307
6807
5106
6882
997
439
456
5795
892
4228
4571
4470
3001
5596
3997
4931
3068
714
6305
3920
4327
508
2703
5747
1156
152
6832
4879
2823
3676
2364
6071
5406
1297
4459
1030
1964
1180
5118
6633
6681
1550
4849
2042
3250
5983
75
1520
4187
5684
4922
2256
3282
1843
3663
5871
1535
1487
705
4979
4274
1229
5450
858
4128
3427
962
6447
6790
1674
3323
4170
1283
1328
5136
3746
4281
1545
2305
2644
3686
3249
5587
3798
1552
2803
5137
4318
561
5166
3493
5197
6375
4713
2617
4440
5057
6161
3556
6055
6009
4427
2296
2728
2884
989
1077
4013
4818
5913
2100
309
255
1894
1029
681
4324
2819
2379
411
2991
1356
410
2666
5144
97
5237
2933
6179
4529
4898
4039
2040
603
3352
2592
954
4104
5196
1442
6793
6270
4491
4265
5451
2626
534
5743
1805
595
4031
4511
5215
6035
5087
5492
557
6732
931
5460
2450
4865
4397
2030
2755
6100
3745
2968
4680
6519
5676
6492
3693
950
5746
2452
2087
4296
3626
1706
5970
2988
5267
225
5588
6084
3766
4177
6884
4287
965
3424
3224
2263
4782
1083
586
3311
482
3795
6781
365
2590
4356
4567
2402
3098
416
447
985
5439
592
4131
5568
5454
6892
1027
1155
813
4199
772
2822
2521
2733
6158
5947
6017
5142
2329
6283
3867
6694
3827
5752
386
93
5165
3696
4052
6141
5412
2259
6255
505
4704
1763
5048
2067
2866
3251
517
1160
4144
1466
3196
2046
575
1268
5808
5392
214
6363
1836
4368
5632
2211
2276
4420
2320
4345
2912
3695
2895
5369
1419
1231
4974
3120
4757
6557
5823
2685
2724
4951
5241
2786
3476
2224
5567
5867
3599
518
5899
4910
397
1140
1941
5179
301
944
483
3163
3329
4669
2674
5694
6688
6336
1190
685
4527
6953
4702
6284
1925
4429
2789
4460
638
977
1417
5702
771
5731
4735
924
2194
5113
4796
6313
4960
6277
6589
3084
6475
4700
1477
5
10
2313
5792
6664
5300
5682
6943
5557
6138
2072
4348
1459
4014
923
5953
2099
3273
4007
4295
4078
640
3873
2821
3824
2349
497
322
4598
3478
15
1138
1530
441
5960
3747
4981
2413
6761
2459
3271
4399
6792
1672
829
1660
3787
548
6162
2005
4289
3632
491
3919
3267
2891
3063
3778
6476
4150
888
6888
4331
6348
6720
1087
4911
5170
4532
4038
490
5059
3389
2490
1775
432
150
1852
3071
1145
5155
6902
6760
3044
2927
3674
2699
379
3305
1779
1924
1492
2890
2205
3924
663
5336
2020
5528
4250
4751
3362
6721
1896
3553
4277
2025
5776
6583
6279
6127
2885
4790
3946
2403
521
781
2853
6503
4099
1203
2919
3194
6786
1837
4768
5771
4448
2566
1353
1200
993
859
1799
5271
2868
3457
3901
251
2765
450
6074
5222
2785
6156
3081
5085
1902
4018
4885
4801
138
3404
367
642
6497
5811
6058
1194
1632
5861
4205
6436
224
1850
628
3309
904
2085
935
2339
